123,31,229588,6,0,P|138:103|148:198,1,153.000002918243,6|0,1:2|1:0,0:0:0:0:
292,333,230088,1,10,0:2:0:0:
292,333,230254,2,0,P|302:269|311:226,1,76.5000014591217,2|10,1:2|0:2,0:0:0:0:
365,116,230588,5,2,1:2:0:0:
206,211,230754,1,10,0:2:0:0:
462,144,230921,1,10,0:2:0:0:
170,122,231088,1,10,0:0:0:0:
422,269,231254,1,8,0:2:0:0:
303,37,231421,1,10,0:0:0:0:
242,304,231588,1,8,0:0:0:0:
480,139,231754,1,10,0:0:0:0:
172,53,231921,1,8,0:0:0:0:
172,53,232004,1,4,3:0:0:0:
172,53,232088,2,0,L|180:123,1,38.2500007295609,6|4,3:0|3:0,0:0:0:0:
235,348,232254,5,14,0:0:0:0:
338,72,232421,1,0,1:2:0:0:
66,142,232588,1,2,1:2:0:0:
339,299,232754,5,14,0:0:0:0:
237,33,232921,1,0,1:2:0:0:
76,262,233088,1,0,1:2:0:0:
409,133,233254,5,14,0:0:0:0:
108,57,233421,1,2,1:2:0:0:
219,343,233588,1,0,1:2:0:0:
321,64,233754,5,8,0:0:0:0:
321,64,233838,1,8,0:0:0:0:
321,64,233921,2,0,L|328:7,1,38.2500007295609,8|8,0:0|0:0,0:0:0:0:
375,157,234088,2,0,L|382:214,1,38.2500007295609,8|8,0:0|0:0,0:0:0:0:
90,290,234588,6,0,P|81:254|174:274,1,182.250000695229,8|0,3:0|0:0,0:0:0:0:
200,286,234921,6,0,B|258:269|319:290|281:304|350:328|419:298,1,188.999994232178,6|8,1:2|0:0,0:0:0:0:
487,139,235421,1,0,1:2:0:0:
487,139,235504,1,8,0:0:0:0:
487,139,235588,1,0,1:2:0:0:
451,310,235754,1,0,1:2:0:0:
309,104,235921,1,10,0:0:0:0:
339,286,236088,1,2,0:0:0:0:
447,47,236254,6,0,P|436:103|430:161,1,94.499997116089,4|0,1:2|1:2,0:0:0:0:
273,37,236588,1,10,0:0:0:0:
328,244,236754,1,2,1:2:0:0:
328,244,236838,1,8,0:0:0:0:
328,244,236921,2,0,P|322:197|312:150,1,94.499997116089,2|2,1:2|1:2,0:0:0:0:
148,59,237254,1,8,0:0:0:0:
313,7,237421,1,2,0:0:0:0:
202,208,237588,6,0,B|149:224|93:205|134:194|62:168|4:193,1,188.999994232178,4|8,1:2|0:0,0:0:0:0:
156,109,238088,1,0,1:2:0:0:
156,109,238171,1,8,0:0:0:0:
156,109,238254,2,0,P|166:49|162:-2,1,94.499997116089,0|0,1:2|1:2,0:0:0:0:
91,246,238588,1,10,0:0:0:0:
21,89,238754,1,2,0:2:0:0:
221,211,238921,6,0,P|272:227|333:221,1,94.499997116089,2|0,1:2|1:2,0:0:0:0:
439,135,239254,1,10,0:0:0:0:
406,352,239421,1,2,1:2:0:0:
406,352,239504,1,8,0:0:0:0:
406,352,239588,2,0,P|410:286|418:239,1,94.499997116089,2|2,1:2|1:2,0:0:0:0:
272,60,239921,2,0,P|278:106|280:154,1,94.499997116089,8|2,0:0|0:0,0:0:0:0:
155,333,240254,6,0,P|71:344|28:234,1,188.999994232178,6|8,1:2|0:0,0:0:0:0:
110,111,240754,1,0,1:0:0:0:
110,111,240838,1,0,1:0:0:0:
110,111,240921,2,0,P|117:166|124:237,1,94.499997116089,0|2,1:2|1:2,0:0:0:0:
239,46,241254,1,10,0:0:0:0:
337,260,241421,6,0,P|421:271|464:161,1,188.999994232178,6|0,1:2|1:2,0:0:0:0:
324,77,241921,2,0,P|269:59|206:68,1,94.499997116089,10|2,0:0|0:0,0:0:0:0:
114,243,242254,2,0,P|161:242|205:226,1,94.499997116089,0|2,1:2|1:2,0:0:0:0:
57,125,242588,1,8,0:0:0:0:
57,125,242671,1,8,0:0:0:0:
57,125,242754,1,2,1:2:0:0:
249,335,242921,5,14,0:0:0:0:
319,82,243088,1,0,1:2:0:0:
142,201,243254,1,2,1:2:0:0:
428,118,243421,5,14,0:0:0:0:
200,79,243588,1,0,1:2:0:0:
299,278,243754,1,2,1:2:0:0:
310,36,243921,5,14,0:0:0:0:
180,260,244088,1,2,1:2:0:0:
439,232,244254,1,2,1:2:0:0:
187,96,244421,5,14,0:2:0:0:
314,318,244588,1,0,1:2:0:0:
423,93,244754,1,2,1:2:0:0:
34,191,244921,5,6,3:0:0:0:
482,285,245254,1,10,0:0:0:0:
171,204,245588,6,0,P|182:265|185:312,1,94.499997116089,14|0,0:0|1:2,0:0:0:0:
190,330,245838,1,0,1:2:0:0:
190,330,245921,1,10,0:0:0:0:
370,188,246088,2,0,P|361:234|357:281,1,94.499997116089,2|0,0:0|1:2,0:0:0:0:
216,75,246421,1,2,1:2:0:0:
396,161,246588,1,10,0:0:0:0:
170,216,246754,6,0,P|120:238|64:236,1,94.499997116089,6|2,1:2|0:0,0:0:0:0:
307,289,247088,2,0,P|353:292|396:312,1,94.499997116089,2|8,1:2|0:0,0:0:0:0:
169,323,247421,1,2,1:2:0:0:
314,167,247588,1,2,1:2:0:0:
183,363,247754,1,0,1:2:0:0:
108,153,247921,1,10,0:0:0:0:
307,289,248088,5,10,0:0:0:0:
307,289,248171,1,10,0:0:0:0:
307,289,248254,2,0,P|359:301|413:285,1,94.499997116089,6|0,1:2|0:0,0:0:0:0:
223,169,248588,1,10,0:0:0:0:
365,98,248754,2,0,P|357:157|350:216,1,94.499997116089,2|0,0:0|1:2,0:0:0:0:
193,86,249088,1,2,1:2:0:0:
255,265,249254,1,8,0:0:0:0:
459,66,249421,6,0,P|402:14|288:48,1,188.999994232178,6|2,1:2|1:2,0:0:0:0:
148,218,249921,1,10,0:0:0:0:
121,44,250088,1,2,0:2:0:0:
239,184,250254,2,0,P|294:208|365:199,1,94.499997116089,2|0,1:2|1:2,0:0:0:0:
467,73,250588,1,10,0:0:0:0:
422,298,250754,1,2,0:0:0:0:
173,62,250921,6,0,B|164:186|218:116|213:244,1,188.999994232178,6|8,1:2|0:0,0:0:0:0:
283,88,251421,1,0,1:2:0:0:
283,88,251504,1,0,1:2:0:0:
283,88,251588,2,0,P|330:59|397:67,1,94.499997116089,0|0,1:2|1:2,0:0:0:0:
512,177,251921,1,10,0:0:0:0:
389,21,252088,1,0,0:0:0:0:
351,212,252254,6,0,P|341:284|331:330,1,94.499997116089,6|0,1:2|1:2,0:0:0:0:
160,75,252588,2,0,P|165:121|174:168,1,94.499997116089,10|0,0:0|0:0,0:0:0:0:
337,43,252921,1,2,1:2:0:0:
278,240,253088,1,0,1:2:0:0:
145,84,253254,2,0,P|98:63|37:73,1,94.499997116089,10|2,0:0|0:0,0:0:0:0:
119,277,253588,5,14,0:0:0:0:
251,127,253754,1,0,1:2:0:0:
284,335,253921,1,0,1:2:0:0:
134,156,254088,5,12,0:0:0:0:
349,253,254254,1,0,1:2:0:0:
147,374,254421,1,0,1:2:0:0:
302,84,254588,5,12,0:0:0:0:
316,327,254754,1,0,1:2:0:0:
101,195,254921,1,0,1:2:0:0:
437,150,255088,5,12,0:0:0:0:
196,328,255254,1,0,1:2:0:0:
198,47,255421,1,0,1:2:0:0:
376,303,255588,5,12,0:0:0:0:
105,165,255754,1,0,1:2:0:0:
375,91,255921,1,14,0:0:0:0:
126,245,256088,1,0,1:2:0:0:
310,42,256254,5,14,0:0:0:0:
246,306,256421,1,0,1:2:0:0:
84,85,256588,1,0,1:2:0:0:
353,281,256754,5,8,3:0:0:0:
45,224,256921,1,0,0:0:0:0:
325,126,257088,1,0,1:2:0:0:
190,365,257254,5,4,3:0:0:0:
57,96,257421,1,0,1:2:0:0:
400,219,257588,1,0,1:2:0:0:
51,301,257754,5,12,0:0:0:0:
259,34,257921,1,0,1:2:0:0:
353,343,258088,1,0,1:2:0:0:
147,74,258254,5,12,0:0:0:0:
440,250,258421,1,0,1:2:0:0:
20,143,258588,1,12,0:0:0:0:
348,3,258754,1,0,1:2:0:0:
184,345,258921,5,8,0:0:0:0:
184,345,259088,2,0,P|168:310|167:272,1,76.5000014591217,0|0,1:2|1:2,0:0:0:0:
251,173,259421,1,10,0:0:0:0:
74,247,259588,1,2,1:2:0:0:
169,91,259754,1,0,1:2:0:0:
318,310,259921,1,8,0:0:0:0:
318,310,260088,2,0,P|333:275|334:237,1,76.5000014591217,8|2,0:0|1:2,0:0:0:0:
117,192,260421,1,8,0:0:0:0:
98,144,260504,1,8,0:0:0:0:
110,94,260587,1,8,0:0:0:0:
147,59,260671,1,8,0:0:0:0:
197,51,260754,1,8,0:0:0:0:
244,72,260837,1,8,0:0:0:0:
270,116,260921,6,0,L|283:210,1,74.2500022659302,10|0,3:0|0:0,0:0:0:0:
342,289,261254,6,0,P|336:225|264:290,1,182.250000695229,4|0,3:0|0:0,0:0:0:0:
246,287,261588,6,0,B|191:266|122:289|177:304|108:330|30:298,1,207.000003948212,4|10,1:2|0:0,0:0:0:0:
80,111,262088,1,0,1:2:0:0:
80,111,262171,1,0,1:2:0:0:
80,111,262254,2,0,P|93:176|93:234,1,103.500001974106,0|0,1:2|1:2,0:0:0:0:
204,87,262588,1,8,0:0:0:0:
206,356,262754,6,0,P|216:274|342:293,1,207.000003948212,0|0,1:2|1:2,0:0:0:0:
423,368,263254,2,0,P|431:303|445:243,1,103.500001974106,8|0,0:0|1:2,0:0:0:0:
438,265,263504,1,0,1:2:0:0:
438,265,263588,1,0,1:2:0:0:
503,105,263754,1,0,1:2:0:0:
374,203,263921,2,0,P|320:226|263:230,1,103.500001974106,8|0,0:0|0:0,0:0:0:0:
81,106,264254,5,0,1:2:0:0:
277,186,264421,1,0,0:0:0:0:
8,158,264588,1,8,0:0:0:0:
206,35,264754,1,0,1:2:0:0:
206,35,264838,1,8,0:0:0:0:
206,35,264921,1,0,1:2:0:0:
134,232,265088,1,0,1:2:0:0:
53,58,265254,1,10,0:0:0:0:
286,160,265421,6,0,B|353:188|412:162|373:148|441:124|504:151,1,207.000003948212,2|0,1:2|1:2,0:0:0:0:
445,341,265921,2,0,P|432:279|442:219,1,103.500001974106,8|0,0:0|0:0,0:0:0:0:
268,109,266254,1,0,1:2:0:0:
340,272,266421,1,0,1:2:0:0:
415,105,266588,1,8,0:0:0:0:
216,235,266754,5,8,0:0:0:0:
216,235,266838,1,8,0:0:0:0:
216,235,266921,2,0,P|154:262|75:155,1,207.000003948212,4|8,1:2|0:0,0:0:0:0:
181,57,267421,1,0,0:0:0:0:
306,184,267588,2,0,P|318:245|298:299,1,103.500001974106,0|0,1:2|1:2,0:0:0:0:
396,76,267921,1,8,0:0:0:0:
129,277,268088,6,0,B|102:153|169:204|143:72,1,207.000003948212,4|0,1:2|1:2,0:0:0:0:
234,233,268588,2,0,P|297:273|354:268,1,103.500001974106,8|0,0:0|0:0,0:0:0:0:
483,166,268921,1,0,1:2:0:0:
394,365,269088,1,0,1:2:0:0:
274,123,269254,1,8,0:0:0:0:
227,101,269337,1,8,0:0:0:0:
177,108,269420,1,8,0:0:0:0:
138,141,269503,1,8,0:0:0:0:
128,194,269587,5,12,0:0:0:0:
397,270,269754,1,0,1:2:0:0:
194,350,269921,1,0,1:2:0:0:
370,157,270088,5,12,0:0:0:0:
86,266,270255,1,0,1:2:0:0:
305,330,270422,1,0,1:2:0:0:
161,119,270588,5,12,0:0:0:0:
198,373,270754,1,0,1:2:0:0:
381,175,270921,1,0,1:2:0:0:
80,239,271088,5,12,0:0:0:0:
332,336,271255,1,0,1:2:0:0:
283,86,271422,1,0,1:2:0:0:
85,343,271588,5,12,0:0:0:0:
85,291,271671,1,8,0:0:0:0:
110,246,271754,1,8,0:0:0:0:
158,227,271838,1,8,0:0:0:0:
209,227,271921,1,8,3:0:0:0:
259,216,272004,1,8,0:0:0:0:
295,178,272088,1,8,0:0:0:0:
309,128,272171,1,8,0:0:0:0:
298,77,272254,6,0,P|276:137|281:199,1,103.500001974106,4|0,1:2|0:0,0:0:0:0:
205,29,272588,1,8,0:0:0:0:
396,164,272754,2,0,P|415:211|417:262,1,103.500001974106,0|0,0:0|1:2,0:0:0:0:
467,98,273088,1,0,1:2:0:0:
333,281,273254,1,8,0:0:0:0:
79,110,273421,6,0,B|144:93|209:115|154:129|223:151|300:130,1,207.000003948212,4|0,1:2|1:2,0:0:0:0:
94,237,273921,1,8,0:0:0:0:
245,344,274088,2,0,P|256:283|241:208,1,103.500001974106,0|0,0:0|1:2,0:0:0:0:
196,61,274421,1,0,1:2:0:0:
350,214,274588,1,8,0:0:0:0:
99,161,274754,5,8,0:0:0:0:
99,161,274838,1,8,0:0:0:0:
99,161,274921,2,0,P|153:147|213:140,1,103.500001974106,4|0,1:2|0:0,0:0:0:0:
372,321,275254,2,0,P|320:313|270:300,1,103.500001974106,8|0,0:0|0:0,0:0:0:0:
108,261,275588,1,0,1:2:0:0:
308,197,275754,1,0,1:2:0:0:
196,358,275921,1,8,0:0:0:0:
321,217,276088,1,4,1:2:0:0:
173,82,276254,6,0,P|179:134|183:185,1,103.500001974106,0|0,0:0|1:2,0:0:0:0:
307,337,276588,2,0,P|310:285|317:234,1,103.500001974106,8|0,0:0|0:0,0:0:0:0:
415,92,276921,1,0,1:2:0:0:
456,278,277088,1,0,1:2:0:0:
315,68,277254,1,8,0:0:0:0:
257,294,277421,5,8,0:0:0:0:
257,294,277504,1,8,0:0:0:0:
257,294,277588,2,0,P|198:312|149:169,1,207.000003948212,4|8,1:2|0:0,0:0:0:0:
213,47,278088,1,0,0:0:0:0:
102,129,278254,2,0,P|49:145|-8:136,1,103.500001974106,0|0,1:2|1:2,0:0:0:0:
102,29,278588,1,8,0:0:0:0:
261,146,278754,6,0,B|228:266|305:219|268:368,1,207.000003948212,0|0,1:2|1:2,0:0:0:0:
377,181,279254,1,8,0:0:0:0:
205,300,279421,1,0,1:0:0:0:
205,300,279504,1,0,1:0:0:0:
205,300,279588,2,0,P|151:318|99:303,1,103.500001974106,0|0,1:2|1:2,0:0:0:0:
361,212,279921,2,0,P|411:201|459:219,1,103.500001974106,8|0,0:0|0:0,0:0:0:0:
160,181,280254,6,0,P|146:115|156:61,1,103.500001974106,4|0,1:2|0:0,0:0:0:0:
340,233,280588,2,0,P|343:285|331:335,1,103.500001974106,8|0,0:0|0:0,0:0:0:0:
272,115,280921,2,0,P|338:101|392:111,1,103.500001974106,0|0,1:2|1:2,0:0:0:0:
219,296,281255,2,0,P|167:299|117:286,1,103.500001974106,8|0,0:0|0:0,0:0:0:0:
252,83,281588,5,4,1:2:0:0:
36,171,281754,1,0,1:2:0:0:
257,265,281921,1,8,0:0:0:0:
106,38,282088,5,8,0:0:0:0:
110,89,282171,1,8,0:0:0:0:
114,140,282254,1,8,0:0:0:0:
257,265,282421,5,8,3:0:0:0:
259,228,282504,1,8,3:0:0:0:
262,191,282587,1,8,3:0:0:0:
425,63,282754,5,4,3:0:0:0:
426,89,282837,1,4,3:0:0:0:
429,115,282920,1,4,2:3:0:0:
256,192,283004,12,0,288754,0:0:0:0: