95,72,1292,6,0,L|93:128,3,35
221,137,1625,2,0,L|185:160,5,35
260,172,2125,5,0,0:0:0:0:
255,202,2208,1,0,0:0:0:0:
265,238,2291,1,0,0:0:0:0:
285,258,2375,1,0,0:0:0:0:
306,280,2458,1,0,0:0:0:0:
329,295,2541,1,0,0:0:0:0:
355,304,2625,1,0,0:0:0:0:
442,246,2791,1,0,0:0:0:0:
381,159,2958,1,0,0:0:0:0:
187,77,3291,5,0,0:0:0:0:
138,55,3375,1,0,0:0:0:0:
278,126,3541,5,0,0:0:0:0:
324,150,3625,1,0,0:0:0:0:
172,123,3791,5,0,0:0:0:0:
118,118,3875,1,0,0:0:0:0:
288,82,4042,5,0,0:0:0:0:
350,86,4125,1,0,0:0:0:0:
399,178,4291,2,0,P|365:218|261:228,1,140
177,226,4791,5,0,0:0:0:0:
144,267,4875,1,0,0:0:0:0:
46,230,5041,5,0,0:0:0:0:
13,271,5125,1,0,0:0:0:0:
79,190,5291,1,0,0:0:0:0:
140,104,5458,1,0,0:0:0:0:
249,48,5625,1,0,0:0:0:0:
249,48,5708,1,0,0:0:0:0:
249,48,5791,1,0,0:0:0:0:
295,142,5958,5,0,0:0:0:0:
336,109,6041,1,0,0:0:0:0:
336,214,6208,5,0,0:0:0:0:
378,183,6291,1,0,0:0:0:0:
372,288,6458,5,0,0:0:0:0:
415,259,6541,1,0,0:0:0:0:
406,363,6708,5,0,0:0:0:0:
451,336,6791,1,0,0:0:0:0:
406,363,6958,5,0,0:0:0:0:
451,336,7041,1,0,0:0:0:0:
486,296,7125,1,0,0:0:0:0:
489,243,7208,1,0,0:0:0:0:
457,201,7291,1,0,0:0:0:0:
366,147,7458,5,0,0:0:0:0:
323,176,7541,1,0,0:0:0:0:
256,150,7791,5,0,0:0:0:0:
198,183,7874,1,0,0:0:0:0:
313,113,7958,1,0,0:0:0:0:
256,192,8125,12,0,12958,0:0:0:0:
370,104,13291,5,0,0:0:0:0:
149,103,13791,2,0,B|75:151|75:151|170:231,1,210
437,244,14625,6,0,L|463:204,1,35
368,234,14875,2,0,L|391:280,1,35
312,272,15125,2,0,P|211:283|192:332,1,140
364,49,15958,6,0,B|428:73|428:73|305:167,1,210
205,60,16792,5,0,0:0:0:0:
128,111,16958,1,0,0:0:0:0:
99,200,17125,1,0,0:0:0:0:
211,227,17291,6,0,P|206:257|179:282,1,35
128,296,17541,2,0,P|149:299|176:283,1,35
304,314,17791,2,0,P|342:278|291:291,1,140
360,58,18625,5,0,0:0:0:0:
240,160,18958,1,0,0:0:0:0:
437,166,19291,1,0,0:0:0:0:
437,166,19625,1,0,0:0:0:0:
413,269,19958,6,0,P|337:293|300:226,1,140
200,228,20625,1,0,0:0:0:0:
200,228,20958,1,0,0:0:0:0:
83,55,21291,6,0,B|196:53|196:53|169:74,1,140
76,157,21958,1,0,0:0:0:0:
76,157,22291,1,0,0:0:0:0:
317,57,22625,5,0,0:0:0:0:
325,84,22791,1,0,0:0:0:0:
334,110,22959,2,0,L|358:177,1,70
353,234,23292,5,0,0:0:0:0:
318,233,23375,1,0,0:0:0:0:
283,232,23458,1,0,0:0:0:0:
248,231,23541,1,0,0:0:0:0:
213,230,23625,1,0,0:0:0:0:
178,229,23708,1,0,0:0:0:0:
134,236,23791,1,0,0:0:0:0:
88,269,23875,1,0,0:0:0:0:
74,333,23958,1,0,0:0:0:0:
175,338,24125,6,0,L|265:301,1,70
385,341,24458,6,0,L|351:275,1,70
62,67,24791,6,0,L|126:125,1,70
239,55,25125,1,0,0:0:0:0:
239,55,25291,1,0,0:0:0:0:
316,120,25458,5,0,0:0:0:0:
316,120,25625,1,0,0:0:0:0:
409,69,25791,5,0,0:0:0:0:
410,172,25958,1,0,0:0:0:0:
260,208,26125,1,0,0:0:0:0:
159,152,26291,1,0,0:0:0:0:
132,310,26625,6,0,L|172:244,1,70
394,312,26958,2,0,L|349:220,1,70
135,306,27291,2,0,L|166:214,1,70
386,295,27625,2,0,L|371:219,1,70
130,292,27958,2,0,L|119:206,1,70
386,275,28291,2,0,L|411:189,1,70
257,284,28625,2,0,P|269:250|278:272,1,70
256,144,28958,5,0,0:0:0:0:
89,57,29291,5,0,0:0:0:0:
103,133,29458,1,0,0:0:0:0:
214,34,29625,1,0,0:0:0:0:
181,117,29791,1,0,0:0:0:0:
334,53,29958,1,0,0:0:0:0:
270,110,30125,1,0,0:0:0:0:
470,126,30291,1,0,0:0:0:0:
365,141,30458,1,0,0:0:0:0:
386,307,30625,1,0,0:0:0:0:
309,234,30791,1,0,0:0:0:0:
147,185,30958,5,0,0:0:0:0:
65,238,31125,1,0,0:0:0:0:
101,324,31291,1,0,0:0:0:0:
191,272,31458,1,0,0:0:0:0:
255,191,31625,5,0,0:0:0:0:
416,129,31958,5,0,0:0:0:0:
425,142,32041,1,0,0:0:0:0:
429,163,32125,1,0,0:0:0:0:
422,183,32208,1,0,0:0:0:0:
408,197,32291,1,0,0:0:0:0:
392,207,32375,1,0,0:0:0:0:
373,203,32458,1,0,0:0:0:0:
359,188,32541,1,0,0:0:0:0:
351,174,32625,1,0,0:0:0:0:
347,159,32708,1,0,0:0:0:0:
344,146,32791,1,0,0:0:0:0:
342,134,32875,1,0,0:0:0:0:
331,119,32958,1,0,0:0:0:0:
305,98,33041,1,0,0:0:0:0:
266,83,33125,1,0,0:0:0:0:
130,106,33291,6,0,L|105:161,1,35
265,276,33541,6,0,L|320:301,1,35
438,253,33791,6,0,P|470:289|459:329,1,70
161,184,34125,6,0,L|205:231,2,35
429,59,34625,6,0,P|462:80|449:122,1,70
296,123,34958,5,0,0:0:0:0:
326,91,35041,1,0,0:0:0:0:
278,86,35125,1,0,0:0:0:0:
288,136,35208,5,0,0:0:0:0:
318,104,35291,1,0,0:0:0:0:
270,99,35375,1,0,0:0:0:0:
276,141,35458,5,0,0:0:0:0:
306,109,35541,1,0,0:0:0:0:
258,104,35625,1,0,0:0:0:0:
266,155,35708,5,0,0:0:0:0:
296,123,35791,1,0,0:0:0:0:
248,118,35875,1,0,0:0:0:0:
258,168,35958,5,0,0:0:0:0:
288,136,36041,1,0,0:0:0:0:
240,131,36125,1,0,0:0:0:0:
248,182,36208,5,0,0:0:0:0:
278,150,36291,1,0,0:0:0:0:
230,145,36375,1,0,0:0:0:0:
242,193,36458,5,0,0:0:0:0:
272,161,36541,1,0,0:0:0:0:
224,156,36625,1,0,0:0:0:0:
235,210,36708,5,0,0:0:0:0:
266,178,36791,1,0,0:0:0:0:
218,173,36875,1,0,0:0:0:0:
93,216,36958,6,0,L|125:248,1,35
208,298,37125,2,0,L|184:330,1,35
323,312,37291,2,0,P|380:315|401:281,1,70
279,79,37625,5,0,0:0:0:0:
421,69,37708,1,0,0:0:0:0:
292,103,37791,5,0,0:0:0:0:
413,94,37875,1,0,0:0:0:0:
305,126,37958,5,0,0:0:0:0:
407,121,38041,1,0,0:0:0:0:
316,147,38125,5,0,0:0:0:0:
397,148,38208,1,0,0:0:0:0:
337,185,38291,5,0,0:0:0:0:
387,187,38374,1,0,0:0:0:0:
346,212,38458,5,0,0:0:0:0:
382,214,38541,1,0,0:0:0:0:
353,248,38625,5,0,0:0:0:0:
380,249,38708,1,0,0:0:0:0:
365,283,38791,6,0,L|366:347,5,52.5000020027161
179,105,39291,6,0,P|145:181|164:257,1,157.500006008148
212,106,39625,6,0,B|166:187|166:187|195:248,1,157.500006008148
263,308,39958,5,0,0:0:0:0:
100,159,40291,5,0,0:0:0:0:
141,112,40375,1,0,0:0:0:0:
100,68,40458,1,0,0:0:0:0:
59,112,40541,1,0,0:0:0:0:
100,159,40625,5,0,0:0:0:0:
141,112,40709,1,0,0:0:0:0:
100,68,40792,1,0,0:0:0:0:
59,112,40875,1,0,0:0:0:0:
100,159,40958,5,0,0:0:0:0:
141,112,41042,1,0,0:0:0:0:
100,68,41125,1,0,0:0:0:0:
59,112,41208,1,0,0:0:0:0:
100,159,41291,5,0,0:0:0:0:
141,112,41375,1,0,0:0:0:0:
100,68,41458,1,0,0:0:0:0:
59,112,41541,1,0,0:0:0:0:
100,159,41625,5,0,0:0:0:0:
141,112,41709,1,0,0:0:0:0:
100,68,41792,1,0,0:0:0:0:
59,112,41875,1,0,0:0:0:0:
100,159,41958,5,0,0:0:0:0:
141,112,42042,1,0,0:0:0:0:
100,68,42125,1,0,0:0:0:0:
59,112,42208,1,0,0:0:0:0:
251,51,42291,6,0,L|232:119,1,52.5000020027161
328,132,42458,2,0,L|276:179,1,52.5000020027161
208,199,42625,5,0,0:0:0:0:
461,236,42958,5,0,0:0:0:0:
439,248,43041,1,0,0:0:0:0:
416,260,43124,1,0,0:0:0:0:
393,269,43208,1,0,0:0:0:0:
369,277,43291,1,0,0:0:0:0:
345,283,43374,1,0,0:0:0:0:
320,286,43458,1,0,0:0:0:0:
294,284,43541,1,0,0:0:0:0:
271,275,43624,1,0,0:0:0:0:
262,252,43708,1,0,0:0:0:0:
270,229,43791,1,0,0:0:0:0:
344,56,43958,5,0,0:0:0:0:
291,138,44041,1,0,0:0:0:0:
182,47,44208,5,0,0:0:0:0:
191,161,44291,1,0,0:0:0:0:
68,177,44458,5,0,0:0:0:0:
119,294,44541,2,0,P|161:314|245:298,1,105.000004005432
331,207,44791,5,0,0:0:0:0:
370,283,44958,1,0,0:0:0:0:
276,273,45125,1,0,0:0:0:0:
464,224,45291,6,0,B|472:192|472:192|450:124,1,105.000004005432
377,62,45625,5,0,0:0:0:0:
333,42,45708,1,0,0:0:0:0:
286,37,45791,1,0,0:0:0:0:
239,49,45875,1,0,0:0:0:0:
209,85,45958,1,0,0:0:0:0:
197,130,46041,1,0,0:0:0:0:
211,175,46125,1,0,0:0:0:0:
241,210,46208,1,0,0:0:0:0:
261,252,46291,1,0,0:0:0:0:
258,299,46375,1,0,0:0:0:0:
227,334,46458,1,0,0:0:0:0:
182,348,46541,1,0,0:0:0:0:
134,342,46625,1,0,0:0:0:0:
94,316,46708,1,0,0:0:0:0:
60,282,46791,1,0,0:0:0:0:
40,238,46875,1,0,0:0:0:0:
40,190,46958,1,0,0:0:0:0:
65,150,47041,1,0,0:0:0:0:
104,123,47125,1,0,0:0:0:0:
149,111,47208,1,0,0:0:0:0:
195,116,47291,1,0,0:0:0:0:
239,132,47375,1,0,0:0:0:0:
274,162,47458,1,0,0:0:0:0:
295,204,47541,1,0,0:0:0:0:
394,229,47625,6,0,L|376:294,1,52.5000020027161
480,324,47791,2,0,L|412:343,1,52.5000020027161
474,237,47958,1,0,0:0:0:0:
256,192,48291,5,0,0:0:0:0:
257,113,48374,1,0,0:0:0:0:
256,192,48458,5,0,0:0:0:0:
235,115,48541,1,0,0:0:0:0:
256,192,48625,5,0,0:0:0:0:
214,124,48708,1,0,0:0:0:0:
256,192,48791,5,0,0:0:0:0:
197,138,48874,1,0,0:0:0:0:
256,192,48958,5,0,0:0:0:0:
185,156,49041,1,0,0:0:0:0:
256,192,49125,5,0,0:0:0:0:
178,177,49208,1,0,0:0:0:0:
203,252,49291,2,0,L|204:310,7,52.5000020027161
293,274,49958,6,0,P|340:265|375:244,1,73.4999977569581
293,274,50291,6,0,P|341:265|400:225,1,94.499997116089
293,274,50625,6,0,P|372:253|409:168,1,157.500006008148
372,103,50958,5,0,0:0:0:0:
332,88,51042,1,0,0:0:0:0:
290,88,51125,1,0,0:0:0:0:
250,100,51208,1,0,0:0:0:0:
218,128,51292,1,0,0:0:0:0:
201,166,51375,1,0,0:0:0:0:
209,206,51458,1,0,0:0:0:0:
236,238,51542,1,0,0:0:0:0:
273,257,51625,1,0,0:0:0:0:
314,255,51708,1,0,0:0:0:0:
349,232,51792,1,0,0:0:0:0:
368,195,51875,1,0,0:0:0:0:
356,154,51958,1,0,0:0:0:0:
315,140,52042,1,0,0:0:0:0:
275,152,52125,5,0,0:0:0:0:
273,193,52208,1,0,0:0:0:0:
301,224,52292,1,0,0:0:0:0:
342,222,52375,1,0,0:0:0:0:
368,195,52458,1,0,0:0:0:0:
383,155,52542,1,0,0:0:0:0:
372,114,52625,1,0,0:0:0:0:
349,72,52708,1,0,0:0:0:0:
316,36,52792,1,0,0:0:0:0:
270,24,52875,1,0,0:0:0:0:
221,23,52958,1,0,0:0:0:0:
178,44,53041,1,0,0:0:0:0:
139,72,53125,1,0,0:0:0:0:
126,117,53208,1,0,0:0:0:0:
134,159,53291,6,0,L|158:249,1,52.5000020027161
93,195,53458,2,0,L|161:207,1,52.5000020027161
101,234,53625,2,0,L|159:205,1,52.5000020027161
126,258,53791,2,0,L|152:202,1,52.5000020027161
178,258,53958,2,0,L|144:204,1,52.5000020027161
202,214,54125,2,0,L|125:213,1,52.5000020027161
183,173,54291,2,0,L|131:235,1,52.5000020027161
125,168,54458,2,0,L|153:217,1,52.5000020027161
256,192,54625,12,0,55541,0:0:0:0:
252,120,55625,6,0,P|256:256|256:120,1,420.000016021729
112,60,56125,5,0,0:0:0:0:
202,188,56291,1,0,0:0:0:0:
44,177,56458,1,0,0:0:0:0:
182,101,56625,5,0,0:0:0:0:
287,217,56791,1,0,0:0:0:0:
134,256,56958,1,0,0:0:0:0:
245,144,57125,5,0,0:0:0:0:
339,269,57291,1,0,0:0:0:0:
194,206,57458,1,0,0:0:0:0:
349,181,57625,5,0,0:0:0:0:
239,292,57791,1,0,0:0:0:0:
272,137,57958,2,0,L|273:94,8,26.2500010013581
349,274,58458,1,0,0:0:0:0:
349,274,58625,1,0,0:0:0:0:
201,326,58791,5,0,0:0:0:0:
136,280,58875,1,0,0:0:0:0:
28,165,59041,1,0,0:0:0:0:
87,112,59125,1,0,0:0:0:0:
160,138,59208,1,0,0:0:0:0:
180,213,59291,2,0,P|230:185|236:131,1,105.000004005432
208,68,59541,1,0,0:0:0:0:
281,36,59625,1,0,0:0:0:0:
422,104,59791,5,0,0:0:0:0:
343,241,59958,1,0,0:0:0:0:
268,217,60041,1,0,0:0:0:0:
268,138,60125,1,0,0:0:0:0:
343,114,60208,1,0,0:0:0:0:
389,177,60291,1,0,0:0:0:0:
328,322,60458,1,0,0:0:0:0:
195,236,60625,1,0,0:0:0:0:
221,81,60791,1,0,0:0:0:0:
154,37,60875,1,0,0:0:0:0:
77,52,60958,1,0,0:0:0:0:
51,207,61125,6,0,L|-9:207,2,52.5000020027161
160,344,61541,1,0,0:0:0:0:
231,310,61625,1,0,0:0:0:0:
372,265,61791,6,0,B|395:213|347:194|347:194|282:231|180:188|223:80,1,314.999990386963
267,19,62708,1,0,0:0:0:0:
345,24,62791,1,0,0:0:0:0:
364,101,62875,1,0,0:0:0:0:
290,128,62958,1,0,0:0:0:0:
237,186,63041,1,0,0:0:0:0:
264,260,63125,1,0,0:0:0:0:
224,327,63208,1,0,0:0:0:0:
147,311,63291,1,0,0:0:0:0:
36,198,63458,1,0,0:0:0:0:
94,51,63625,2,0,L|93:17,4,26.2500010013581
251,62,63958,5,0,0:0:0:0:
393,130,64125,1,0,0:0:0:0:
471,130,64208,1,0,0:0:0:0:
238,209,64375,5,0,0:0:0:0:
316,210,64458,1,0,0:0:0:0:
396,208,64541,1,0,0:0:0:0:
313,287,64625,2,0,L|203:288,2,105.000004005432
470,285,65125,1,0,0:0:0:0:
474,206,65208,1,0,0:0:0:0:
476,127,65291,6,0,L|306:126,1,157.500006008148
455,102,65625,6,0,L|340:102,1,105
440,67,65958,6,0,L|361:67,1,73.4999977569581
252,120,66291,6,0,P|256:256|256:120,1,420.000016021729
72,125,66791,1,0,0:0:0:0:
252,120,66958,1,0,0:0:0:0:
144,226,67125,1,0,0:0:0:0:
251,196,67291,1,0,0:0:0:0:
206,328,67458,1,0,0:0:0:0:
250,267,67625,1,0,0:0:0:0:
322,351,67791,1,0,0:0:0:0:
251,196,67958,1,0,0:0:0:0:
410,272,68125,1,0,0:0:0:0:
251,123,68291,1,0,0:0:0:0:
453,175,68458,1,0,0:0:0:0:
255,47,68625,2,0,L|256:9,6,26.2500010013581
179,72,68958,6,0,L|84:126,2,105.000004005432
331,113,69458,1,0,0:0:0:0:
331,34,69541,1,0,0:0:0:0:
481,67,69708,1,0,0:0:0:0:
483,145,69791,1,0,0:0:0:0:
480,224,69875,1,0,0:0:0:0:
402,129,69958,2,0,L|404:21,2,105.000004005432
296,246,70458,5,0,0:0:0:0:
305,168,70541,1,0,0:0:0:0:
233,133,70625,1,0,0:0:0:0:
158,158,70708,1,0,0:0:0:0:
199,226,70791,1,0,0:0:0:0:
155,292,70875,1,0,0:0:0:0:
180,366,70958,1,0,0:0:0:0:
261,354,71041,1,0,0:0:0:0:
333,322,71125,1,0,0:0:0:0:
389,265,71208,1,0,0:0:0:0:
419,179,71291,2,0,L|488:178,3,52.5000020027161
441,57,71625,2,0,B|404:67|404:67|427:112,2,70.0000026702882
294,40,71958,5,0,0:0:0:0:
136,41,72125,1,0,0:0:0:0:
278,106,72291,5,0,0:0:0:0:
120,107,72458,1,0,0:0:0:0:
265,168,72625,5,0,0:0:0:0:
107,169,72792,1,0,0:0:0:0:
250,233,72958,5,0,0:0:0:0:
92,234,73125,1,0,0:0:0:0:
234,300,73291,5,0,0:0:0:0:
76,301,73458,1,0,0:0:0:0:
25,240,73541,1,0,0:0:0:0:
23,160,73625,1,0,0:0:0:0:
73,100,73708,1,0,0:0:0:0:
149,84,73791,1,0,0:0:0:0:
211,132,73875,1,0,0:0:0:0:
288,117,73958,1,0,0:0:0:0:
431,182,74125,1,0,0:0:0:0:
426,338,74291,2,0,L|425:374,4,26.2500010013581
279,258,74625,6,0,L|329:259,1,35.0000013351441
279,258,74736,2,0,L|326:273,1,35.0000013351441
279,258,74847,2,0,L|320:286,1,35.0000013351441
279,258,74958,2,0,L|311:296,1,35.0000013351441
279,258,75069,2,0,L|300:304,1,35.0000013351441
279,258,75180,2,0,L|286:308,1,35.0000013351441
279,258,75291,2,0,L|272:308,1,35.0000013351441
279,258,75403,2,0,L|259:304,1,35.0000013351441
279,258,75514,2,0,L|247:296,1,35.0000013351441
279,258,75625,2,0,L|237:286,1,35.0000013351441
279,258,75736,2,0,L|231:273,1,35.0000013351441
279,258,75847,2,0,L|228:260,1,35.0000013351441
194,194,75958,2,0,P|229:135|318:88,1,157.500006008148
300,170,76291,6,0,P|361:138|393:82,1,105
314,80,76625,6,0,P|338:51|390:33,1,73.4999977569581
446,56,76958,6,0,P|452:83|447:139,1,70
151,66,82625,6,0,L|146:163,1,70
138,222,82958,1,0,0:0:0:0:
262,228,83125,5,0,0:0:0:0:
262,248,83208,1,0,0:0:0:0:
362,286,83375,5,0,0:0:0:0:
353,303,83458,1,0,0:0:0:0:
387,80,83625,5,0,0:0:0:0:
433,206,83791,1,0,0:0:0:0:
106,81,83958,5,0,0:0:0:0:
274,80,84125,1,0,0:0:0:0:
211,164,84291,1,0,0:0:0:0:
83,205,84458,6,0,L|119:257,1,35
219,249,84708,2,0,L|182:280,1,35
119,319,84958,1,0,0:0:0:0:
119,319,85125,1,0,0:0:0:0:
363,214,85291,6,0,L|334:292,2,70
345,39,85791,5,0,0:0:0:0:
334,97,85875,1,0,0:0:0:0:
229,96,86041,1,0,0:0:0:0:
215,149,86125,1,0,0:0:0:0:
99,178,86291,1,0,0:0:0:0:
99,178,86458,1,0,0:0:0:0:
137,271,86625,6,0,P|315:324|423:288,1,280
435,227,87375,1,0,0:0:0:0:
448,198,87458,1,0,0:0:0:0:
445,166,87541,1,0,0:0:0:0:
432,136,87625,1,0,0:0:0:0:
409,113,87708,1,0,0:0:0:0:
381,97,87791,1,0,0:0:0:0:
349,92,87875,1,0,0:0:0:0:
317,88,87958,2,0,L|234:108,1,70
203,45,88291,6,0,L|149:97,1,70
68,51,88625,2,0,L|54:150,1,70
108,226,88958,6,0,L|129:253,1,31.4999990386963
243,333,89291,6,0,L|255:249,1,70
359,310,89625,2,0,L|326:241,1,70
453,154,89958,2,0,L|372:158,1,70
287,62,90291,6,0,L|268:90,1,31.4999990386963
127,183,90625,6,0,L|211:183,1,70
388,178,90958,2,0,L|292:178,1,70
135,173,91291,2,0,L|226:173,1,70
383,167,91625,6,0,L|348:166,1,31.4999990386963
236,60,91958,6,0,L|281:87,2,35
283,275,92625,6,0,P|261:297|242:265,3,70
206,218,93291,5,0,0:0:0:0:
260,170,93458,1,0,0:0:0:0:
181,241,93625,5,0,0:0:0:0:
277,154,93791,1,0,0:0:0:0:
161,270,93958,5,0,0:0:0:0:
297,131,94125,1,0,0:0:0:0:
131,305,94291,5,0,0:0:0:0:
328,90,94458,1,0,0:0:0:0:
71,334,94625,5,0,0:0:0:0:
377,42,94791,1,0,0:0:0:0:
111,297,94958,5,0,0:0:0:0:
341,77,95125,1,0,0:0:0:0:
141,261,95291,5,0,0:0:0:0:
327,96,95458,1,0,0:0:0:0:
174,234,95625,5,0,0:0:0:0:
306,117,95791,1,0,0:0:0:0:
278,203,95958,5,0,0:0:0:0:
383,245,96125,5,0,0:0:0:0:
393,199,96208,1,0,0:0:0:0:
432,168,96291,1,0,0:0:0:0:
173,231,96458,5,0,0:0:0:0:
170,179,96541,1,0,0:0:0:0:
149,139,96625,1,0,0:0:0:0:
324,202,96791,5,0,0:0:0:0:
363,228,96875,1,0,0:0:0:0:
379,276,96958,2,0,P|398:327|382:356,1,70
158,65,97291,5,0,0:0:0:0:
84,158,97375,1,0,0:0:0:0:
370,65,97541,5,0,0:0:0:0:
432,171,97625,1,0,0:0:0:0:
262,51,97791,5,0,0:0:0:0:
264,268,97958,1,0,0:0:0:0:
108,303,98125,5,0,0:0:0:0:
94,274,98208,1,0,0:0:0:0:
89,242,98292,2,0,P|93:190|115:158,1,70
255,191,98625,5,0,0:0:0:0:
351,44,98791,1,0,0:0:0:0:
439,215,98958,1,0,0:0:0:0:
351,66,99125,1,0,0:0:0:0:
259,205,99291,1,0,0:0:0:0:
348,79,99458,1,0,0:0:0:0:
428,224,99625,1,0,0:0:0:0:
346,96,99791,1,0,0:0:0:0:
116,84,99958,5,0,0:0:0:0:
116,84,100125,1,0,0:0:0:0:
62,160,100291,2,0,P|99:239|145:230,1,105.000004005432
231,297,100625,5,0,0:0:0:0:
231,297,100791,1,0,0:0:0:0:
252,142,100958,2,0,P|301:199|309:242,1,105.000004005432
446,232,101291,5,0,0:0:0:0:
372,42,101458,1,0,0:0:0:0:
344,160,101625,1,0,0:0:0:0:
467,47,101791,1,0,0:0:0:0:
234,59,101958,2,0,P|138:70|131:80,1,105.000004005432
194,95,102291,2,0,P|98:106|91:116,1,105.000004005432
186,198,102625,5,0,0:0:0:0:
60,314,102791,1,0,0:0:0:0:
179,321,102958,2,0,L|275:248,1,105.000004005432
454,233,103291,5,0,0:0:0:0:
276,42,103458,1,0,0:0:0:0:
440,112,103625,1,0,0:0:0:0:
146,93,103791,1,0,0:0:0:0:
158,224,103958,5,0,0:0:0:0:
158,224,104125,1,0,0:0:0:0:
400,211,104291,1,0,0:0:0:0:
299,293,104458,1,0,0:0:0:0:
381,50,104625,5,0,0:0:0:0:
381,50,104791,1,0,0:0:0:0:
450,96,104958,2,0,P|385:133|336:131,1,105.000004005432
152,60,105291,5,0,0:0:0:0:
282,244,105458,1,0,0:0:0:0:
285,102,105625,1,0,0:0:0:0:
141,263,105791,1,0,0:0:0:0:
176,133,105958,5,0,0:0:0:0:
223,206,106125,1,0,0:0:0:0:
261,124,106291,1,0,0:0:0:0:
148,211,106458,1,0,0:0:0:0:
235,291,106625,6,0,L|320:254,1,52.5000020027161
290,342,106791,2,0,P|365:300|393:244,1,105.000004005432
456,227,107125,2,0,B|387:206|387:206|489:129|410:58,1,210.000008010865
335,52,107625,5,0,0:0:0:0:
335,52,107791,1,0,0:0:0:0:
118,60,107958,6,0,L|117:228,1,157.500006008148
117,217,108291,2,0,P|102:101|118:45,1,157.500006008148
110,63,108625,2,0,P|133:133|109:231,1,157.500006008148
118,213,108958,2,0,B|87:132|87:132|122:51,1,157.500006008148
204,45,109291,5,0,0:0:0:0:
302,104,109458,1,0,0:0:0:0:
232,172,109625,1,0,0:0:0:0:
296,281,109791,1,0,0:0:0:0:
93,307,109958,2,0,P|151:290|203:320,1,105.000004005432
121,321,110291,2,0,P|179:304|231:334,1,105.000004005432
413,325,110625,5,0,0:0:0:0:
431,254,110708,1,0,0:0:0:0:
425,180,110791,1,0,0:0:0:0:
406,108,110875,1,0,0:0:0:0:
359,51,110958,1,0,0:0:0:0:
250,122,111125,5,0,0:0:0:0:
251,61,111208,1,0,0:0:0:0:
145,128,111375,1,0,0:0:0:0:
138,71,111458,1,0,0:0:0:0:
44,217,111625,6,0,L|86:180,3,52.5000020027161
189,311,111958,5,0,0:0:0:0:
351,126,112125,1,0,0:0:0:0:
199,186,112291,1,0,0:0:0:0:
413,270,112458,1,0,0:0:0:0:
302,244,112625,1,0,0:0:0:0:
445,94,112791,5,0,0:0:0:0:
454,167,112875,1,0,0:0:0:0:
425,234,112958,1,0,0:0:0:0:
346,147,113125,6,0,P|327:75|323:73,1,52.5000020027161
246,44,113291,2,0,L|197:94,7,52.5000020027161
108,116,113958,1,0,0:0:0:0:
87,152,114041,1,0,0:0:0:0:
86,194,114125,1,0,0:0:0:0:
97,234,114208,1,0,0:0:0:0:
126,263,114291,1,0,0:0:0:0:
163,283,114375,1,0,0:0:0:0:
204,290,114458,1,0,0:0:0:0:
245,285,114541,1,0,0:0:0:0:
333,223,114625,6,0,P|370:265|344:324,1,105.000004005432
391,62,114958,5,0,0:0:0:0:
227,58,115125,1,0,0:0:0:0:
89,150,115291,1,0,0:0:0:0:
314,85,115458,1,0,0:0:0:0:
181,150,115625,1,0,0:0:0:0:
266,156,115791,1,0,0:0:0:0:
266,156,115958,1,0,0:0:0:0:
412,68,116125,5,0,0:0:0:0:
70,168,116291,1,0,0:0:0:0:
266,156,116458,1,0,0:0:0:0:
266,156,116625,1,0,0:0:0:0:
180,200,116791,1,0,0:0:0:0:
100,264,116958,6,0,P|194:307|221:291,1,105.000004005432
296,264,117291,5,0,0:0:0:0:
273,307,117458,1,0,0:0:0:0:
325,328,117625,1,0,0:0:0:0:
351,278,117791,1,0,0:0:0:0:
359,187,117958,5,0,0:0:0:0:
353,145,118041,1,0,0:0:0:0:
314,129,118124,1,0,0:0:0:0:
323,87,118208,1,0,0:0:0:0:
281,92,118291,1,0,0:0:0:0:
70,78,118625,6,0,B|46:105|46:105|143:146|124:225,1,157.500006008148
121,288,119125,1,0,0:0:0:0:
299,284,119458,5,0,0:0:0:0:
351,193,119541,1,0,0:0:0:0:
340,87,119625,1,0,0:0:0:0: